0000000000000000000000000000000000000000000000000000000000000000000000000000000000000000000000000000000000000000000000000000000000000000000000000000000000000000000000000000000
0000000000000000000000000000000000000000000000000000000000000000000000000000000000000000000000000000000000000000000000000000000000000000000000000000000000000000000000000000000
0000000000000000000000000000000000000000000000000000000000000000000000000000000000000000000000000000000000000000000000000000000000000000000000000000000000000000000000000000000
0000000000000000000000000000000000000000000000000000000000000000000000000000000000000000000000000000000000000000000000000000000000000000000000000000000000000000000000000000000
0000000000000000000000000000000000000000000000000000000000000000000000000000000000000000000000000000000000000000000000000000000000000000000000000000000000000000000000000000000
0000000000000000000000000000000000000000000000000000000000000000000000000000000000000000000000000000000000000000000000000000000000000000000000000000000000000000000000000000000
0000000000000000000000000000000000000000000000000000000000000000000000000000000000000000000000000000000000000000000000000000000000000000000000000000000000000000000000000000000
0000000000000000000000000000000000000000000000000000000000000000000000000000000000000000000000000000000000000000000000000000000000000000000000000000000000000000000000000000000
0000000000000000000000000000000000000000000000000000000000000000000000000000000000000000000000000000000000000000000000000000000000000000000000000000000000000000000000000000000
0000000000000000000000000000000000000000000000000000000000000000000000000000000000000000000000000000000000000000000000000000000000000000000000000000000000000000000000000000000
0000000000000000000000000000000000000000000000000000000000000000000000000000000000000000000000000000000000000000000000000000000000000000000000000000000000000000000000000000000
0000000000000000000000000000000000000000000000000000000000000000000000000000000000000000000000000000000000000000000000000000000000000000000000000000000000000000000000000000000
0000000000000000000000000000000000000000000000000000000000000000000000000000000000000000000000000000000000000000000000000000000000000000000000000000000000000000000000000000000
0000000000000000000000000000000000000000000000000000000000000000000000000000000000000000000000000000000000000000000000000000000000000000000000000000000000000000000000000000000
0000000000000000000000000000000000000000000000000000000000000000000000000000000000000000000000000000000000000000000000000000000000000000000000000000000000000000000000000000000
0000000000000000000000000000000000000000000000000000000000000000000000000000000000000000000000000000000000000000000000000000000000000000000000000000000000000000000000000000000
0000000000000000000000000000000000000000000000000000000000000000000000000000000000000000000000000000000000000000000000000000000000000000000000000000000000000000000000000000000
0000000000000000000000000000000000000000000000000000000000000000000000000000000000000000000000000000000000000000000000000000000000000000000000000000000000000000000000000000000
0000000000000000000000000000000000000000000000000000000000000000000000000000000000000000000000000000000000000000000000000000000000000000000000000000000000000000000000000000000
0000000000000000000000000000000000000000000000000000000000000000000000000000000000000000000000000000000000000000000000000000000000000000000000000000000000000000000000000000000
0000000000000000000000000000000000000000000000000000000000000000000000000000000000000000000000000000000000000000000000000000000000000000000000000000000000000000000000000000000
0000000000000000000000000000000000000000000000000000000000000000000000000000000000000000000000000000000000000000000000000000000000000000000000000000000000000000000000000000000
0000000000000000000000000000000000000000000000000000000000000000000000000000000000000000000000000000000000000000000000000000000000000000000000000000000000000000000000000000000
0000000000000000000000000000000000000000000000000000000000000000000000000000000000000000000000000000000000000000000000000000000000000000000000000000000000000000000000000000000
0000000000000000000000000000000000000000000000000000000000000000000000000000000000000000000000000000000000000000000000000000000000000000000000000000000000000000000000000000000
0000000000000000000000000000000000000000000000000000000000000000000000000000000000000000000000000000000000000000000000000000000000000000000000000000000000000000000000000000000
0000000000000000000000000000000000000000000000000000000000000000000000000000000000000000000000000000000000000000000000000000000000000000000000000000000000000000000000000000000
0000000000000000000000000000000000000000000000000000000000000000000000000000000000000000000000000000000000000000000000000000000000000000000000000000000000000000000000000000000
0000000000000000000000000000000000000000000000000000000000000000000000000000000000000000000000000000000000000000000000000000000000000000000000000000000000000000000000000000000
0000000000000000000000000000000000000000000000000000000000000000000000000000000000000000000000000000000000000000000000000000000000000000000000000000000000000000000000000000000
0000000000000000000000000000000000000000000000000000000000000000000000000000000000000000000000000000000000000000000000000000000000000000000000000000000000000000000000000000000
0000000000000000000000000000000000000000000000000000000000000000000000000000000000000000000000000000000000000000000000000000000000000000000000000000000000000000000000000000000
0000000000000000000000000000000000000000000000000000000000000000000000000111110000000000000000000000000000000000000000000000000000000000000000000000000000000000000000000000000
0000000000000000000000000000000000000000000000000000000000000000000000011111111001000000000000000010000000000000000000000000000000000000000000000000000000000000000000000000000
0000000000000000000000000000000000000000000000000000000000000000000111111111111111111111111111111111110000000000000000000000000000000000000000000000000000000000000000000000000
0000000000000000000000000000000000000000000000000000000000000000001111111111111111111111111111111111111111000000000000000000000000000000000000000000000000000000000000000000000
0000000000000000000000000000000000000000000000000000000000000000011111111111101111111111111111111111111111100000000000000000000000000000000000000000000000000000000000000000000
0000000000000000000000000000000000000000000000000000000000000001111101111111111111111111111111111111111111111111100000000000000000000000000000000000000000000000000000000000000
0000000000000000000000000000000000000000000000000000000000000011111111111111111111111111111111111111111111111111111000000000000000000000000000000000000000000000000000000000000
0000000000000000000000000000000000000000000000000000000000000111111111101111111111111111111111111111111111111111111100000000000000000000000000000000000000000000000000000000000
0000000000000000000000000000000000000000000000000000000000011111111111111111111011111111111111100001111111111111111110000000000000000000000000000000000000000000000000000000000
0000000000000000000000000000000000000000000000000000000000111111111111111111111111111111111111000000111111111111111111000000000000000000000000000000000000000000000000000000000
0000000000000000000000000000000000000000000000000000000001111111111101111101111111111111111110000000111111111011011111010000000000000000000000000000000000000000000000000000000
0000000000000000000000000000000000000000000000000000000111111111111111011101111111111111111100000000111111111111111111111100000000000000000000000000000000000000000000000000000
0000000000000000000000000000000000000000000000000000010111111101111111111101111101111111111100000000111101111111111111111111000000000000000000000000000000000000000000000000000
0000000000000000000000000000000000000000000000000000111111111111111111111111111111111111111100000000111111111011011111111111100000000000000000000000000000000000000000000000000
0000000000000000000000000000000000000000000000000000111111011111101111111111011111111111111100000000111111111111111111111111110000000000000000000000000000000000000000000000000
0000000000000000000000000000000000000000000000000011110110111111111111111111111111111111111100000000111111111111110111111111111000000000000000000000000000000000000000000000000
0000000000000000000000000000000000000000000000011111111111111111111111111011111111111111111000000000111111111111111111111101111100000000000000000000000000000000000000000000000
0000000000000000000000000000000000000000000000111111111111111111111110111111111111111111110000000000111111111111111111111111111110000000000000000000000000000000000000000000000
0000000000000000000000000000000000000000000001111111111111111111111110111111111111111111110000000001111111111111111111111111111111000000000000000000000000000000000000000000000
0000000000000000000000000000000000000000000011111111101111111011111111111111101111111111110000000011111111111111111111111111111111110000000000000000000000000000000000000000000
0000000000000000000000000000000000000000000011111111111111111110111111111111111111111111110000000111111111111111111111111111111111111000000000000000000000000000000000000000000
0000000000000000000000000000000000000000000111111111111110111111111111101111111111111111110000001111111111111111111111111111111111111100000000000000000000000000000000000000000
0000000000000000000000000000000000000000001111111111111111111101111111111111111111111110111000001111111111111111111111111111111111111110000000000000000000000000000000000000000
0000000000000000000000000000000000000000011111111101111111111111111011111111110111111111111111111111111111111111111111110111111111111111000000000000000000000000000000000000000
0000000000000000000000000000000000000000011111111111111111111111110111111111111111111111111111111111111111111111111111111111111111111111000000000000000000000000000000000000000
0000000000000000000000000000000000000000011111110111111111111110111111111111111011111111111111111111111111111111111111111110000111111111100000000000000000000000000000000000000
0000000000000000000000000000000000000000111111111111111110111111111101111011111111111111111111111111111111111111111111111100000011111111100000000000000000000000000000000000000
0000000000000000000000000000000000000001111111111111111111111111111101111111111111111111111111111111111111111111111100000000000011111111110000000000000000000000000000000000000
0000000000000000000000000000000000000001111111111111111111111111111111111111111011111111111111111111111111111111111100000000000011111111110000000000000000000000000000000000000
0000000000000000000000000000000000000011111111111111011111111111111111111111111011111111111111111111111111111111111000000000000111111111110000000000000000000000000000000000000
0000000000000000000000000000000000000011111111111111111111111111011111111111111111111111111111111111111111111111111000000000000111111111111000000000000000000000000000000000000
0000000000000000000000000000000000000111111111111111111111111111111111111101111111111111111111111111111111111111111000000000000111111111111000000000000000000000000000000000000
0000000000000000000000000000000000000111111111111111111011111111111111111111111111111111111011111111111111111111111000000011111111111111111000000000000000000000000000000000000
0000000000000000000000000000000000001111111111111111111111111111111110111111111011111111111111111111111111111111111000000011111101111111111000000000000000000000000000000000000
0000000000000000000000000000000000001111111111111111111110111101111111111111111111111111111111111111111111111111111111111111111111111111111000000000000000000000000000000000000
0000000000000000000000000000000000001111111111111111111111111111011111111111111111111111111111111110111111111111111111111111111111111111111000000000000000000000000000000000000
0000000000000000000000000000000000011111111111111111111111111111111101111111111111111111111111111111111111111111101111111111111111111111111000000000000000000000000000000000000
0000000000000000000000000000000000011111111111111111111111111111111111111111111111111111111111111111111111111111111111111111111111111111111000000000000000000000000000000000000
0000000000000000000000000000000001111111111111111111111111111111111111111111111111111111111111111111111111111111111111111111111111111111111100000000000000000000000000000000000
0000000000000000000000000000000001111111111111111111111111111111111111111111111111111111111111111111111111111111111111111111111111111111111100000000000000000000000000000000000
0000000000000000000000000000000011111111111111111111111111111111111111111111111111111111111111111111111110111111111111111111111111111111111100000000000000000000000000000000000
0000000000000000000000000000001111111111111111111111111111111111111111100111111111111111111111111111111111111111111111111111111111111111011110000000000000000000000000000000000
000000000000000000000000000000111111111111111111111111111111111111111110011111111111111111111001111111111111111111111111111111111111111111110000000000000000000000000000000000
000000000000000000000000000001111111111111111111111111111111111111111111111111111111111111111001111111111111111111111111111111111111111111110000000000000000000000000000000000
0000000000000000000000000000111111111111111111111111111111111111111111111111111111111111111111111111111111111111111111111111111111111111111110000000000000000000000000000000000
0000000000000000000000000000111111111111111111111111111111111111111111111111111111111111111111111111111111111111111111111111111111111111111110000000000000000000000000000000000
0000000000000000000000000000111111111111111111111111111111111111111111111111111111111111111111111111111111111111111111111111111111111111111111000000000000000000000000000000000
0000000000000000000000000000111111111111111111111111111111111111111111111111111111111111111111111111111111111111111111111111111111111111111111000000000000000000000000000000000
0000000000000000000000000000111111111111111111111111111111111111111111111111111100000011111111111111111111111111111111111111111111111111111111000000000000000000000000000000000
0000000000000000000000000001111111111111110111111111111111111111111111111111111000000000011111111111111111111111111111111111111111111111111111000000000000000000000000000000000
0000000000000000000000000001111111111111111111111111111111111111111111111111111000000000001111111111111111111111111111111111111111111111111111000000000000000000000000000000000
0000000000000000000000000001111111111111111111111111111111111111111111111111110000000000000111111111111111111111111111111111111111111111111111000000000000000000000000000000000
0000000000000000000000000001111111111111111111111111111111111111111111111111100000000000000111111111111111111111111111111111111111111111111111000000000000000000000000000000000
0000000000000000000000000001111111110111110111111111111111111111111111111111000000000000000111111111111111111111111111111111111111011111111111000000000000000000000000000000000
0000000000000000000000000001111111111111101111111111111111111111111111111111000000000000000111111001111001111111111111111111111111111111111111000000000000000000000000000000000
0000000000000000000000000001111111111111111111111111111111111111111100111111000000000000000111111001111001111111111111111111111111111111111111100000000000000000000000000000000
0000000000000000000000000001111111111111111111111111111111111111111100111111000000000000000111111111111111111111111111111111111111111111111111100000000000000000000000000000000
0000000000000000000000000001111111111111111111111111111111111111111111111011000000000000000111110111111111111111111111111111111111111111111111100000000000000000000000000000000
0000000000000000000000000000111111111111111111111111111111111111111111110111000000000000001111110111111111111111111111111111111111111111111111100000000000000000000000000000000
0000000000000000000000000000111111111111111111111111111111111111111111111111100000000000011111111111111111111111111111110111111111111111111111110000000000000000000000000000000
0000000000000000000000000000111111111111111111111111111111111111101111111111111100000000111111111111111111111111111111111111111111111111111111110000000000000000000000000000000
0000000000000000000000000000111111111111111111111111111111111111101111111111111111111111111111111111111111111111111111111111111111111111111011110000000000000000000000000000000
0000000000000000000000000000111111111111111111111111111111111111111111111111111111111111111111111111111111111111111111111111111111111111111111111000000000000000000000000000000
0000000000000000000000000000111111111111111111111111111111111111111111111111111111111111100111111111111111111111111111111111111111111111111111111100000000000000000000000000000
0000000000000000000000000000111111111111111111111111111111111111111111111111111111111111100111111111111111111111111111111111111111101111111111111110000000000000000000000000000
0000000000000000000000000000011111111111111111111111111111111111111111111111111111111111111111111111111111111111111111111111111111011111111111111110000000000000000000000000000
00000000000000000000000000000111111111111111111111111111111111111111001111111111111111111111111111111111111111111111111111111111111111111111111110000000000000000000000000000
00000000000000000000000000000111111111111111111111111111111111111111001111111111111111111111111111111111111111111111111111111111111111111111111110000000000000000000000000000
0000000000000000000000000000011111111111111111111111111111111111111111111111111111111111111111111111111111111111111111111111111111111111111111011010000000000000000000000000000
0000000000000000000000000000011111111111111111111111111111111111111111111111111111111111100111111111111111111111111111111111111111111111111111111110000000000000000000000000000
0000000000000000000000000000011111111111111111111111111111111111111111111111111111111111100111111111111111111111111111111111111111111111111111111110000000000000000000000000000
0000000000000000000000000000011111111111111111111111111111111111111111111111111111111111111111111111111111111111111111111111111111111111111111011010000000000000000000000000000
0000000000000000000000000000011111111111111111111111111111111111111111111111111111111111111111111111111111111111111111111111111111111111111111111110000000000000000000000000000
0000000000000000000000000000011111111111111111111111111111111111111110111111111111110111111111111111111111111111111111111111111111111111111111111110000000000000000000000000000
0000000000000000000000000000011111111111111111111111111111111111111111111111111111111111111111111111111111111111111111111111111111111111111111111110000000000000000000000000000
0000000000000000000000000000011111111111111111111111111111111111111111111111111111111111111111111111111111111111111111111111111111111111111111111110000000000000000000000000000
0000000000000000000000000000001111111111111111111111111111111111111111111111111111111111111111111111111111111111111111111111111111111111111111110110000000000000000000000000000
0000000000000000000000000000001111111111111111111111111111111111111111111111111111100111111111111111111111111111111111111111111111111111111111111110000000000000000000000000000
0000000000000000000000000000001111111111111111111111111111111111111111111111111111100111111111111111111111111111111111111111111011111111111111111110000000000000000000000000000
0000000000000000000000000000001111111111111111111111111111111111111001111111111111111110011111111111111111111111111111111111111111111111111111111110000000000000000000000000000
0000000000000000000000000000001111111111111111111111111111111111111001111111111101111110011111011111111111111111111111111111111111111111111111111100000000000000000000000000000
0000000000000000000000000000000111111111111111111111111111111111111111111101111111111111111111111111111111111111111111111111111111111111111111111100000000000000000000000000000
0000000000000000000000000000000111111111111111111111111111111111111111111111111111111111111111111111111111111111111111111111111111111111111111111100000000000000000000000000000
0000000000000000000000000000000011111111111111111111111111111111111111111111111111111111111111111111111111111111111111111111111111111111111111111100000000000000000000000000000
0000000000000000000000000000000001111111111111111111111111111111111111111111111111111111111111111111111111111111111111111111111111111111111111110000000000000000000000000000000
0000000000000000000000000000000001111111111111111111111111111111111111111111111111111111111111111111111111101111111111111111111111111111111111110000000000000000000000000000000
0000000000000000000000000000000000011111111111111111111111111111111111111111111111111111111111111111111111111111111111111111111111111111111111110000000000000000000000000000000
0000000000000000000000000000000000011111111111111111111111111111111011111100111111111111111111111111101111111111111111111111111111111111111111110000000000000000000000000000000
0000000000000000000000000000000000001111111111111111111111111111111111111100111111111111111111111111001111111111111111111111111111111111111111100000000000000000000000000000000
0000000000000000000000000000000000000001111111111111111111111111111111111111111111111111111111111111001111111111111111111111111111111111111111100000000000000000000000000000000
0000000000000000000000000000000000000000000111111111111111111111111111111111111111111111111111111111111111111111111111111111111111111111111110000000000000000000000000000000000
0000000000000000000000000000000000000000000001111111111111111111111111111111111111111111111111111111111111111111111111111111111111111111111110000000000000000000000000000000000
0000000000000000000000000000000000000000000000000111111111111111111111111111111111111111111111111111111111111111111111111111111111111111111000000000000000000000000000000000000
0000000000000000000000000000000000000000000000000000000000000111111111111111111111111111111111111110111111111111111111111111111111111111111000000000000000000000000000000000000
0000000000000000000000000000000000000000000000000000000000000000000011111111111111110111111111111110111111111101111111111110111111111111111000000000000000000000000000000000000
0000000000000000000000000000000000000000000000000000000000000000000001111111111111110111111111111111111111111111111111111111111111111111111000000000000000000000000000000000000
0000000000000000000000000000000000000000000000000000000000000000000000111111111111111111111111111111101111111111111111111111111111111111110000000000000000000000000000000000000
0000000000000000000000000000000000000000000000000000000000000000000000111111111111111111111111111111111111111111111111111111111111111111100000000000000000000000000000000000000
0000000000000000000000000000000000000000000000000000000000000000000000011111111111111111111111111111111111111111111111111111111111111111100000000000000000000000000000000000000
0000000000000000000000000000000000000000000000000000000000000000000000001111111111111111111111111111111111111111111111111111111111111100000000000000000000000000000000000000000
0000000000000000000000000000000000000000000000000000000000000000000000000001111111111101111111111011111111111111110111111111111111111100000000000000000000000000000000000000000
0000000000000000000000000000000000000000000000000000000000000000000000000000011111111111111111111111111111111111111111111111111111100000000000000000000000000000000000000000000
0000000000000000000000000000000000000000000000000000000000000000000000000000000111111111111111111111111111111111111111111111111111000000000000000000000000000000000000000000000
0000000000000000000000000000000000000000000000000000000000000000000000000000000111111111111111111110011111111111111111111111111000000000000000000000000000000000000000000000000
0000000000000000000000000000000000000000000000000000000000000000000000000000000000111111111111111110011111111011111111111111110000000000000000000000000000000000000000000000000
0000000000000000000000000000000000000000000000000000000000000000000000000000000000111111111111111111111111111111111111100000000000000000000000000000000000000000000000000000000
0000000000000000000000000000000000000000000000000000000000000000000000000000000000000111111111111111111111111111111111100000000000000000000000000000000000000000000000000000000
0000000000000000000000000000000000000000000000000000000000000000000000000000000000000001111111111111111111111111111111000000000000000000000000000000000000000000000000000000000
0000000000000000000000000000000000000000000000000000000000000000000000000000000000000001111111111111111111111111111111000000000000000000000000000000000000000000000000000000000
0000000000000000000000000000000000000000000000000000000000000000000000000000000000000000000000000111111111111011110000000000000000000000000000000000000000000000000000000000000
0000000000000000000000000000000000000000000000000000000000000000000000000000000000000000000000000000001111111100000000000000000000000000000000000000000000000000000000000000000
0000000000000000000000000000000000000000000000000000000000000000000000000000000000000000000000000000000000000000000000000000000000000000000000000000000000000000000000000000000
0000000000000000000000000000000000000000000000000000000000000000000000000000000000000000000000000000000000000000000000000000000000000000000000000000000000000000000000000000000
0000000000000000000000000000000000000000000000000000000000000000000000000000000000000000000000000000000000000000000000000000000000000000000000000000000000000000000000000000000
0000000000000000000000000000000000000000000000000000000000000000000000000000000000000000000000000000000000000000000000000000000000000000000000000000000000000000000000000000000
0000000000000000000000000000000000000000000000000000000000000000000000000000000000000000000000000000000000000000000000000000000000000000000000000000000000000000000000000000000
0000000000000000000000000000000000000000000000000000000000000000000000000000000000000000000000000000000000000000000000000000000000000000000000000000000000000000000000000000000
0000000000000000000000000000000000000000000000000000000000000000000000000000000000000000000000000000000000000000000000000000000000000000000000000000000000000000000000000000000
0000000000000000000000000000000000000000000000000000000000000000000000000000000000000000000000000000000000000000000000000000000000000000000000000000000000000000000000000000000
0000000000000000000000000000000000000000000000000000000000000000000000000000000000000000000000000000000000000000000000000000000000000000000000000000000000000000000000000000000
0000000000000000000000000000000000000000000000000000000000000000000000000000000000000000000000000000000000000000000000000000000000000000000000000000000000000000000000000000000
0000000000000000000000000000000000000000000000000000000000000000000000000000000000000000000000000000000000000000000000000000000000000000000000000000000000000000000000000000000
0000000000000000000000000000000000000000000000000000000000000000000000000000000000000000000000000000000000000000000000000000000000000000000000000000000000000000000000000000000
0000000000000000000000000000000000000000000000000000000000000000000000000000000000000000000000000000000000000000000000000000000000000000000000000000000000000000000000000000000
0000000000000000000000000000000000000000000000000000000000000000000000000000000000000000000000000000000000000000000000000000000000000000000000000000000000000000000000000000000
0000000000000000000000000000000000000000000000000000000000000000000000000000000000000000000000000000000000000000000000000000000000000000000000000000000000000000000000000000000
0000000000000000000000000000000000000000000000000000000000000000000000000000000000000000000000000000000000000000000000000000000000000000000000000000000000000000000000000000000
0000000000000000000000000000000000000000000000000000000000000000000000000000000000000000000000000000000000000000000000000000000000000000000000000000000000000000000000000000000
0000000000000000000000000000000000000000000000000000000000000000000000000000000000000000000000000000000000000000000000000000000000000000000000000000000000000000000000000000000
0000000000000000000000000000000000000000000000000000000000000000000000000000000000000000000000000000000000000000000000000000000000000000000000000000000000000000000000000000000
0000000000000000000000000000000000000000000000000000000000000000000000000000000000000000000000000000000000000000000000000000000000000000000000000000000000000000000000000000000
0000000000000000000000000000000000000000000000000000000000000000000000000000000000000000000000000000000000000000000000000000000000000000000000000000000000000000000000000000000
0000000000000000000000000000000000000000000000000000000000000000000000000000000000000000000000000000000000000000000000000000000000000000000000000000000000000000000000000000000
0000000000000000000000000000000000000000000000000000000000000000000000000000000000000000000000000000000000000000000000000000000000000000000000000000000000000000000000000000000
0000000000000000000000000000000000000000000000000000000000000000000000000000000000000000000000000000000000000000000000000000000000000000000000000000000000000000000000000000000
0000000000000000000000000000000000000000000000000000000000000000000000000000000000000000000000000000000000000000000000000000000000000000000000000000000000000000000000000000000
0000000000000000000000000000000000000000000000000000000000000000000000000000000000000000000000000000000000000000000000000000000000000000000000000000000000000000000000000000000
0000000000000000000000000000000000000000000000000000000000000000000000000000000000000000000000000000000000000000000000000000000000000000000000000000000000000000000000000000000
0000000000000000000000000000000000000000000000000000000000000000000000000000000000000000000000000000000000000000000000000000000000000000000000000000000000000000000000000000000
0000000000000000000000000000000000000000000000000000000000000000000000000000000000000000000000000000000000000000000000000000000000000000000000000000000000000000000000000000000
0000000000000000000000000000000000000000000000000000000000000000000000000000000000000000000000000000000000000000000000000000000000000000000000000000000000000000000000000000000
0000000000000000000000000000000000000000000000000000000000000000000000000000000000000000000000000000000000000000000000000000000000000000000000000000000000000000000000000000000
